 864295472.26170 2.551386 0.03783009
 864301232.26170 2.721587 0.03929204
 864306992.26170 2.807412 0.03960995
 864312752.26170 2.882725 0.04019056
 864318512.26170 2.876973 0.04016457
 864324272.26170 2.826844 0.03983689
 864330032.26170 2.833617 0.04010477
 864335792.26170 2.853431 0.04586584
 864341552.26170 2.8427 0.05273302
 864347312.26170 2.779108 0.05198805
 864353072.26170 2.567876 0.03987816
 864358832.26170 2.394572 0.03779752
 864364592.26170 2.195041 0.03433403
 864370352.26170 2.196771 0.03451549
 864376112.26170 2.207042 0.03471071
 864381872.26170 2.268977 0.0355191
 864387632.26170 2.395942 0.03623514
 864393392.26170 2.6349 0.03782925
 864399152.26170 2.6831 0.03824067
 864404912.26170 2.785732 0.03891896
 864410672.26170 2.793556 0.03886829
 864416432.26170 2.830044 0.03931517
 864422192.26170 2.757179 0.05065662
 864427952.26170 2.836325 0.05428109
 864433712.26170 2.914009 0.04476054
 864439472.26170 2.751509 0.04256734
 864445232.26170 2.705685 0.03845408
 864450992.26170 2.604033 0.0379856
 864456752.26170 2.374829 0.03648227
 864462512.26170 2.277208 0.03590106
 864468272.26170 2.151097 0.03495362
 864474032.26170 2.164931 0.03509388
 864479792.26170 2.308497 0.03611659
 864485552.26170 2.476292 0.03738052
 864491312.26170 2.612189 0.03828442
 864497072.26170 2.66915 0.03900471
 864502832.26170 2.741676 0.03891049
 864508592.26170 2.782082 0.05219862
 864514352.26170 2.811291 0.05406018
 864520112.26170 2.715996 0.04356409
 864525872.26170 2.855352 0.04354218
 864531632.26170 2.802621 0.0393318
 864537392.26170 2.773792 0.03917057
 864543152.26170 2.783477 0.03951029
 864548912.26170 2.551099 0.03796182
 864554672.26170 2.462905 0.03736787
 864560432.26170 2.281003 0.03611866
 864566192.26170 2.156428 0.0349725
 864571952.26170 2.144948 0.03489901
 864577712.26170 2.22226 0.03537645
 864583472.26170 2.374485 0.03669703
 864589232.26170 2.419345 0.03661007
 864594992.26170 2.633172 0.03934378
 864603201.66610 2.70979 0.04163866
 864608961.66610 2.80898 0.04157392
 864614721.66610 2.853242 0.03893895
 864620481.66610 2.88012 0.03932531
 864626241.66610 2.864404 0.03939759
 864632001.66610 2.882437 0.03974373
 864637761.66610 2.846378 0.03931395
 864643521.66610 2.814476 0.03903762
 864649281.66610 2.699802 0.03883313
 #864655041.66610 3.642814 0.9851529 masked by djw 20180222
 864778425.47100 2.260896 0.03775374
 864784185.47100 2.383715 0.03936803
 864789945.47100 2.598158 0.03946058
 864795705.47100 2.674756 0.04029576
 864801465.47100 2.803182 0.04125866
 864807225.47100 2.765487 0.04108104
 864812985.47100 2.807652 0.04020324
 864818745.47100 2.770971 0.03923637
 864824505.47100 2.785045 0.03890225
 864830265.47100 2.855901 0.04868537
