       899306482.3100015        0.886956      0.03012015
       899312242.3100015       0.9242443      0.03037282
       899318002.3100014       0.8780483      0.02937456
       899323762.3100016       0.8335226      0.03276239
       899329522.3100014       0.7283739      0.04309201
       899335282.3100014       0.6937647      0.03178789
       899341042.3100014       0.6698388      0.03928654
       899346802.3100016       0.7548802      0.03500396
       899352562.3100016       0.7090789      0.03037554
       899358322.3100014       0.7470605      0.02834566
       899364082.3100015        0.839951      0.02973339
       899369842.3100015       0.8352668      0.02936794
       899375602.3100015       0.8651492      0.02964879
       899381362.3100015          0.9315      0.03100111
       899387122.3100015       0.9462622      0.03245419
       899392882.3100016       0.9611536      0.03279244
       899398642.3100015       0.9094268       0.0318602
       899404402.3100013       0.9479361      0.03245555
       899410162.3100016       0.8640378       0.0724128
       899415922.3100016       0.8835328      0.04329835
       899421682.3100016       0.8422308      0.04861915
       899427442.3100014        0.819266      0.04302244
       899433202.3100014       0.7878053      0.03611961
       899438962.3100015       0.6620776      0.02855721
       899444722.3100015       0.7657476      0.03166552
       899450482.3100013       0.7086455      0.02970923
       899456242.3100015       0.7693938      0.03081046
       899462002.3100015       0.8331305      0.03122779
       899467762.3100017       0.8461539      0.03196175
       899473522.3100015       0.8400381      0.03169804
       899479282.3100015       0.8897097      0.04773796
