       770919273.8300009              0.              0.
       770925033.8300009              0.              0.
       770930793.8300009        0.772226       0.0622805
        770936553.830001       0.1783999      0.07831519
        770942313.830001              0.              0.
        770948073.830001              0.              0.
       770953833.8300009       0.8499342        0.109519
        770959593.830001       0.9874727       0.0487802
        770965353.830001       0.9501474      0.03628039
        770971113.830001        1.118623      0.03763975
       770976873.8300011        1.074428      0.03870554
       770982633.8300009        1.013166      0.04056254
       770988393.8300011        1.040159      0.04276403
        770994153.830001        1.003006      0.04615708
       770999913.8300011        0.999345      0.04273652
       771005673.8300011       0.9929556      0.04618965
       771011433.8300011        1.094001      0.04349433
       771017193.8300012        0.947073       0.0511675
        771022953.830001       0.1092428      0.07510772
       771028713.8300012       0.4618092      0.06075888
