       770919230.8200012              0.              0.
       770924990.8200011              0.              0.
       770930750.8200012       0.4281379      0.04904866
        770936510.820001       0.1579392       0.4281331
        770942270.820001              0.              0.
       770948030.8200012              0.              0.
       770953790.8200012       0.5146013       0.1075263
       770959550.8200012       0.5350281       0.0417238
       770965310.8200011       0.4943681      0.02859317
       770971070.8200011       0.5545853      0.02892276
       770976830.8200011       0.4931931      0.02837715
       770982590.8200011       0.5184564      0.03148196
       770988350.8200013       0.5331163      0.03303235
       770994110.8200011       0.4772275      0.03470574
       770999870.8200012       0.4877096      0.03250293
       771005630.8200011       0.4964764      0.03496169
        771011390.820001       0.5437206       0.0326561
       771017150.8200012       0.4367633      0.03647931
        771022910.820001              0.              0.
       771028670.8200014       0.1356124      0.03740747
