       899306482.3100015       0.4432199      0.02258519
       899312242.3100015       0.4261616      0.02222107
       899318002.3100014       0.3934584      0.02134752
       899323762.3100016       0.4042362      0.02462549
       899329522.3100014       0.3674431       0.0298946
       899335282.3100014       0.3867686      0.02309411
       899341042.3100014       0.3473533      0.02717398
       899346802.3100016        0.337842      0.02469377
       899352562.3100016       0.3720039      0.02296066
       899358322.3100014       0.4039941      0.02216293
       899364082.3100015       0.3923881      0.02221312
       899369842.3100015       0.4151249      0.02271733
       899375602.3100015       0.4441789      0.02300435
       899381362.3100015       0.4537082      0.02327631
       899387122.3100015       0.4229526      0.02346971
       899392882.3100016       0.4357905      0.02390205
       899398642.3100015       0.4240473       0.0236915
       899404402.3100013       0.4246659      0.02363647
       899410162.3100016       0.4033967      0.05464283
       899415922.3100016       0.4112743      0.02939042
       899421682.3100016       0.4812322      0.03702809
       899427442.3100014       0.4053351      0.03083979
       899433202.3100014       0.3707725      0.02652262
       899438962.3100015       0.3339132      0.02220243
       899444722.3100015       0.3502449      0.02315281
       899450482.3100013       0.3458595      0.02302823
       899456242.3100015       0.3785639      0.02403061
       899462002.3100015       0.4058086      0.02420957
       899467762.3100017       0.3835092      0.02399407
       899473522.3100015       0.4521489      0.02551327
       899479282.3100015       0.3955683      0.03598825
